881
1655
1698
2496
2564
2636
2890
3137
4546
4682
5001
5096
6213
6299
7334
8031
8383
10737
11347
12205
12778
14024
14599
14724
14833
15144
16803
17246
18181
18366
18623
19143
19940
20294
20705
20721
20915
21414
22377
22379
22673
22810
23160
23449
25084
25318
25934
26005
27503
27819
28561
28802
28873
31757
32449
32876
32998
33281
33529
34059
34650
34812
35264
35453
35528
35944
36159
36283
36760
37042
38165
38498
38832
39405
40430
40541
40688
40772
41406
41491
42321
42557
42757
43274
43723
43981
45004
45878
45890
45964
46155
46289
46293
47441
47486
47733
49382
49693
49829
49909
